Major 0 200 400 500 700 900 1100 1200
Minor 0 200 300 500 700 800 1000 1200
Dorian 0 200 300 500 700 900 1000 1200
Mixolydian 0 200 400 500 700 900 1000 1200
Lydian 0 200 400 600 700 900 1100 1200
Phrygian 0 100 300 500 700 800 1000 1200
Locrian 0 100 300 500 600 800 1000 1200
"Whole Tone" 0 200 400 600 800 1000 1200
"Half-whole Dim." 0 100 300 400 600 700 900 1000 1200
"Whole-half Dim." 0 200 300 500 600 800 900 1100 1200
"Minor Blues" 0 300 500 600 700 1000 1200
"Minor Pentatonic" 0 300 500 700 1000 1200
"Major Pentatonic" 0 200 400 700 900 1200
"Harmonic Minor" 0 200 300 500 700 800 1100 1200
"Harmonic Major" 0 200 400 500 700 800 1100 1200
"Dorian #4" 0 200 300 600 700 900 1000 1200
"Phrygian Dominant" 0 100 400 500 700 800 1000 1200
"Melodic Minor" 0 200 300 500 700 900 1100 1200
"Lydian Augmented" 0 200 400 600 800 900 1100 1200
"Lydian Dominant" 0 200 400 600 700 900 1000 1200
"Super Locrian" 0 100 300 400 600 800 1000 1200
"8-Tone Spanish" 0 100 300 400 500 600 800 1000 1200
Bhairav 0 100 400 500 700 800 1100 1200
"Hungarian Minor" 0 200 300 600 700 800 1100 1200
Hirajoshi 0 200 300 700 800 1200
In-sen 0 100 500 700 1000 1200
Iwato 0 100 500 600 1000 1200
Kumoi 0 200 300 700 900 1200
"Pelog Selisir" 0 100 300 700 800 1200
"Pelog Tembung" 0 100 500 700 800 1200
"Messiaen 3" 0 200 300 400 600 700 800 1000 1100 1200
"Messiaen 4" 0 100 200 500 600 700 800 1100 1200
"Messiaen 5" 0 100 500 600 700 1100 1200
"Messiaen 6" 0 200 400 500 600 800 1000 1100 1200
"Messiaen 7" 0 100 200 300 500 600 700 800 900 1100 1200
Chromatic 0 100 200 300 400 500 600 700 800 900 1000 1100 1200