Lambda 0.000 293.000 439.000 585.000 878.000 1024.000 1317.000 1463.000 1756.000 1902.000 odd-wide
Harmonic 0.000 146.000 439.000 585.000 878.000 1024.000 1317.000 1463.000 1609.000 1902.000 odd-wide
Moll_II 0.000 146.000 439.000 585.000 878.000 1024.000 1317.000 1463.000 1756.000 1902.000 odd-wide
Dur_I 0.000 146.000 439.000 585.000 878.000 1024.000 1170.000 1463.000 1609.000 1902.000 odd-wide
Moll_I 0.000 293.000 439.000 732.000 878.000 1024.000 1317.000 1463.000 1756.000 1902.000 odd-wide
Walker_A 0.000 146.000 293.000 585.000 732.000 1024.000 1170.000 1463.000 1609.000 1902.000 odd-wide
Walker_B 0.000 146.000 439.000 585.000 732.000 1024.000 1170.000 1463.000 1609.000 1902.000 odd-wide
Walker_I 0.000 293.000 439.000 732.000 878.000 1170.000 1317.000 1609.000 1756.000 1902.000 odd-wide
Walker_II 0.000 293.000 439.000 732.000 878.000 1170.000 1317.000 1463.000 1756.000 1902.000 odd-wide
Gamma 0.000 146.000 439.000 585.000  878.000 1024.000 1170.000 1463.000 1756.000 1902.000 odd-wide
Dur_II 0.000 293.000 439.000 585.000  878.000 1024.000 1317.000 1463.000 1609.000  1902.000 odd-wide
BP-Chromatic 0.000 146.000 293.000 439.000 585.000 732.000 878.000 1024.000 1170.000 1317.000 1463.000 1609.000 1756.000 1902.000 odd-wide
BP-Triple 0.000 48.768 97.536 146.304 195.072 243.840 292.608 341.376 390.144 438.912 487.679 536.447 585.215 633.983 682.751 731.519 780.287 829.055 877.823 926.591 975.359 1024.127 1072.895 1121.663 1170.431 1219.199 1267.967 1316.735 1365.503 1414.271 1463.038 1511.806 1560.574 1609.342 1658.110 1706.878 1755.646 1804.414 1853.182 1902.000 odd-narrow
BP-Quintuple 0.000 29.261 58.522 87.782 117.043 146.304 175.565 204.825 234.086 263.347 292.608 321.868 351.129 380.390 409.651 438.912 468.172 497.433 526.694 555.955 585.215 614.476 643.737 672.998 702.258 731.519 760.780 790.041 819.302 848.562 877.823 907.084 936.345 965.605 994.866 1024.127 1053.388 1082.648 1111.909 1141.170 1170.431 1199.692 1228.952 1258.213 1287.474 1316.735 1345.995 1375.256 1404.517 1433.778 1463.038 1492.299 1521.560 1550.821 1580.082 1609.342 1638.603 1667.864 1697.125 1726.385 1755.646 1784.907 1814.168 1843.428 1872.689 1902.000 odd-narrow