pentatonic 0 200 400 700 900 1200
whole-tone 0 200 400 600 800 1000 1200
major 0 200 400 500 700 900 1100 1200
dorian 0 200 300 500 700 900 1000 1200
phrygian 0 100 300 500 700 800 1000 1200
lydian 0 200 400 600 700 900 1100 1200 
mixolydian 0 200 400 500 700 900 1000 1200
aeolian 0 200 300 500 700 800 1000 1200
minor-harmonic 0 200 300 500 700 800 1100 1200
locrian 0 100 300 500 600 800 1000 1200
gipsy 0 200 300 600 700 900 1000 1200
octatonic 0 200 300 500 600 800 900 1100 1200
whole-half-half 0 200 300 400 600 700 800 1000 1100 1200
chromatic 0 100 200 300 400 500 600 700 800 900 1000 1100 1200